method,selection_mode,K,Nx,Ny,N,n_active,W_lambda_x,W_lambda_y,Pmax_dBm,distance_km,seed,train_samples,val_samples,test_samples,epochs,batch_size,gpt2_layers,d_mha,mha_heads,test_sum_rate
random,hard,3,4,4,16,4,2.0,2.0,30.0,0.2,20260608,8000,2000,1000,200,100,6,768,8,29.05817222595215
cnn,hard,3,4,4,16,4,2.0,2.0,30.0,0.2,20260608,8000,2000,1000,200,100,6,768,8,29.06137109375
transformer,hard,3,4,4,16,4,2.0,2.0,30.0,0.2,20260608,8000,2000,1000,200,100,6,768,8,29.08891943359375
llm_sequential,hard,3,4,4,16,4,2.0,2.0,30.0,0.2,20260608,8000,2000,1000,200,100,6,768,8,29.226903076171876
proposed,hard,3,4,4,16,4,2.0,2.0,30.0,0.2,20260608,8000,2000,1000,200,100,6,768,8,29.2269033203125
